

rho = 1000;
radDamp = 748.9413*rho;
m = 725833;
am = 1.4544e+03*rho;
omega = 0.78;
khs = 2800951.20000000;


Kp = radDamp

Ki = -(-omega^2*(m+am)+khs)
